
Dataset: {'train_file': 'data//iris//iris.trn', 'test_file': 'data//iris//iris.tst'}
 k = 1
Accuracy: 0.94
Confusion Matrix: 3
[[17  0  0]
 [ 0 15  0]
 [ 0  3 15]]
Elapsed Time: 0.0011 seconds

Dataset: {'train_file': 'data//iris//iris.trn', 'test_file': 'data//iris//iris.tst'}
 k = 5
Accuracy: 0.94
Confusion Matrix: 3
[[17  0  0]
 [ 0 15  0]
 [ 0  3 15]]
Elapsed Time: 0.0011 seconds

Dataset: {'train_file': 'data//iris//iris.trn', 'test_file': 'data//iris//iris.tst'}
 k = 7
Accuracy: 0.94
Confusion Matrix: 3
[[17  0  0]
 [ 0 15  0]
 [ 0  3 15]]
Elapsed Time: 0.0010 seconds

Dataset: {'train_file': 'data//optics//optics.trn', 'test_file': 'data//optics//optics.tst'}
 k = 1
Accuracy: 0.9799666110183639
Confusion Matrix: 10
[[178   0   0   0   0   0   0   0   0   0]
 [  0 181   0   0   0   0   0   0   1   0]
 [  0   2 175   0   0   0   0   0   0   0]
 [  0   0   0 179   0   0   0   2   0   2]
 [  0   2   0   0 178   0   0   0   1   0]
 [  0   0   0   0   1 179   0   0   0   2]
 [  0   0   0   0   0   0 181   0   0   0]
 [  0   0   0   0   0   0   0 177   0   2]
 [  0   8   0   1   0   0   0   0 164   1]
 [  0   0   0   3   3   2   0   0   3 169]]
Elapsed Time: 2.6609 seconds

Dataset: {'train_file': 'data//optics//optics.trn', 'test_file': 'data//optics//optics.tst'}
 k = 5
Accuracy: 0.9788536449638287
Confusion Matrix: 10
[[178   0   0   0   0   0   0   0   0   0]
 [  0 181   0   0   0   0   1   0   0   0]
 [  0   3 174   0   0   0   0   0   0   0]
 [  0   1   1 178   0   1   0   1   1   0]
 [  0   1   0   0 179   0   0   0   1   0]
 [  0   0   0   0   1 180   0   0   0   1]
 [  0   0   0   0   0   1 180   0   0   0]
 [  0   0   0   0   0   0   0 173   1   5]
 [  0   8   0   2   0   1   0   0 162   1]
 [  0   0   0   2   1   1   0   0   2 174]]
Elapsed Time: 2.3126 seconds

Dataset: {'train_file': 'data//optics//optics.trn', 'test_file': 'data//optics//optics.tst'}
 k = 7
Accuracy: 0.9766277128547579
Confusion Matrix: 10
[[178   0   0   0   0   0   0   0   0   0]
 [  0 180   0   0   0   0   1   0   1   0]
 [  0   3 174   0   0   0   0   0   0   0]
 [  0   1   0 178   0   1   0   1   2   0]
 [  0   2   0   0 178   0   0   0   1   0]
 [  0   0   0   0   1 179   0   0   0   2]
 [  0   0   0   0   0   1 180   0   0   0]
 [  0   0   0   0   0   0   0 175   1   3]
 [  0  10   0   2   0   0   0   0 160   2]
 [  0   1   0   2   0   1   0   0   3 173]]
Elapsed Time: 2.3583 seconds

Dataset: {'train_file': 'data//letter//letter.trn', 'test_file': 'data//letter//letter.tst'}
 k = 1
Accuracy: 0.953045304530453
Confusion Matrix: 26
[[271   2   0   0   0   0   0   0   0   0   0   0   0   0   0   0   0   0
    0   0   1   0   0   0   0   0]
 [  0 222   0   0   2   0   0   0   0   1   0   0   0   0   0   0   0   8
    1   0   0   5   0   1   0   0]
 [  0   0 218   0   2   0   1   0   0   0   0   0   0   0   1   0   1   0
    0   0   0   1   2   0   0   0]
 [  0   0   0 265   0   0   1   5   0   0   1   0   0   1   0   0   0   3
    1   0   0   0   0   0   0   0]
 [  0   1   3   0 239   1   4   0   0   0   1   2   0   0   0   1   0   0
    0   0   0   1   0   1   0   8]
 [  0   0   0   0   0 246   0   1   1   0   0   0   0   1   0  18   0   0
    0   1   0   1   0   0   0   0]
 [  0   1   1   0   3   0 249   1   0   0   1   0   0   0   2   0   3   0
    0   0   0   1   1   0   0   0]
 [  0   3   1   5   0   2   2 200   0   0   7   0   0   1   1   0   0   6
    1   0   0   0   0   1   0   0]
 [  0   0   0   0   0   3   0   0 257   8   0   0   0   0   0   0   0   0
    0   0   0   0   0   1   0   0]
 [  0   0   0   0   0   0   0   1  10 227   0   0   0   0   0   0   0   0
    0   0   1   0   0   0   0   0]
 [  0   1   0   0   0   0   0   7   0   0 225   1   0   0   0   0   0   3
    1   0   0   0   1   4   0   0]
 [  0   0   1   0   0   0   2   2   0   1   0 262   0   0   0   0   1   0
    0   0   0   0   0   1   0   0]
 [  0   0   0   0   0   0   1   0   0   0   0   0 239   1   0   0   0   0
    0   0   0   2   2   0   0   0]
 [  1   1   0   0   0   0   0   1   0   1   0   0   2 256   3   0   0   2
    0   0   0   4   1   0   0   0]
 [  0   0   0   1   0   0   0   0   0   0   0   0   0   0 231   0   4   0
    0   0   0   0   1   0   0   0]
 [  0   1   0   0   0  16   0   0   0   0   0   0   0   0   0 246   1   2
    0   0   0   0   0   0   0   0]
 [  0   0   0   2   0   0   1   0   0   0   0   0   0   0   6   0 270   0
    0   0   0   0   0   0   0   1]
 [  0   4   0   0   0   1   0   6   0   0   5   1   0   1   0   0   0 252
    1   0   0   0   0   0   0   0]
 [  0   2   0   2   1   0   0   0   0   0   0   1   0   0   0   0   1   0
  255   0   1   0   0   0   0   1]
 [  0   0   1   1   0   2   0   0   0   1   1   0   0   1   0   0   0   0
    0 234   0   0   0   0   3   0]
 [  0   1   0   0   0   0   0   0   0   0   0   0   1   0   1   0   0   0
    0   0 270   1   0   0   0   0]
 [  0   2   0   0   0   0   0   0   0   0   0   0   0   0   1   0   0   0
    0   0   0 234   1   0   0   0]
 [  0   0   0   0   0   0   0   1   0   0   0   0   1   1   0   0   0   0
    0   0   0   0 238   0   0   0]
 [  0   1   0   1   1   0   0   0   0   0   7   0   0   0   0   0   0   0
    0   2   0   0   0 249   0   0]
 [  0   0   0   0   0   0   0   0   0   0   0   0   0   0   0   0   2   0
    0   2   1   1   0   1 245   0]
 [  0   0   0   0   2   0   0   0   0   1   0   0   0   0   0   0   3   0
    0   0   0   0   0   0   0 253]]
Elapsed Time: 11.4303 seconds

Dataset: {'train_file': 'data//letter//letter.trn', 'test_file': 'data//letter//letter.tst'}
 k = 5
Accuracy: 0.941944194419442
Confusion Matrix: 26
[[272   1   0   0   0   0   0   0   0   0   0   0   0   0   0   0   0   0
    0   0   0   0   0   0   1   0]
 [  0 229   0   1   1   0   0   0   0   0   0   0   0   0   0   0   0   6
    1   0   0   2   0   0   0   0]
 [  0   0 216   0   3   0   2   0   0   0   0   0   0   1   2   0   1   0
    0   0   0   0   1   0   0   0]
 [  0   3   0 264   0   0   0   7   0   0   1   0   0   1   0   0   0   1
    0   0   0   0   0   0   0   0]
 [  0   2   3   0 241   2   3   0   0   0   3   0   0   0   0   0   0   0
    0   0   0   0   0   0   0   8]
 [  0   0   0   0   2 245   0   3   2   1   0   0   0   1   0   9   0   0
    0   5   0   1   0   0   0   0]
 [  0   4   2   2   6   1 241   2   0   0   0   0   1   0   2   0   1   0
    0   0   0   1   0   0   0   0]
 [  0   6   0   5   2   0   2 201   0   0   6   1   0   0   1   0   0   4
    0   0   0   0   0   1   1   0]
 [  0   1   0   0   0   7   0   0 249  10   0   0   0   1   0   0   0   0
    0   0   0   0   0   1   0   0]
 [  0   0   0   0   1   0   0   0  12 222   0   0   0   0   1   0   2   0
    0   0   1   0   0   0   0   0]
 [  0   1   1   1   2   1   1  11   0   0 218   0   0   0   0   0   0   3
    0   0   0   0   0   4   0   0]
 [  0   1   0   0   0   0   2   2   0   2   0 260   0   0   0   0   1   2
    0   0   0   0   0   0   0   0]
 [  0   3   0   0   0   0   0   0   0   0   0   0 238   1   0   0   0   0
    0   0   0   2   1   0   0   0]
 [  0   2   0   1   0   0   0   5   0   0   0   1   3 249   1   0   1   5
    0   0   0   4   0   0   0   0]
 [  0   1   1   4   0   0   0   0   0   0   0   0   0   1 225   0   3   0
    0   0   0   1   1   0   0   0]
 [  0   2   0   2   1  18   0   3   0   0   0   0   0   0   0 239   0   1
    0   0   0   0   0   0   0   0]
 [  0   1   0   1   0   0   2   0   0   0   0   0   0   0   8   0 266   0
    0   0   0   0   0   0   2   0]
 [  0   5   0   2   0   2   0   6   0   0   6   0   0   3   0   0   0 246
    0   0   0   1   0   0   0   0]
 [  0   3   0   2   6   1   0   2   0   0   0   0   0   0   0   0   1   2
  244   0   1   0   0   1   0   1]
 [  0   1   0   2   0   1   0   0   0   0   0   0   0   0   0   0   1   0
    0 233   0   0   0   2   4   0]
 [  0   0   0   0   0   0   0   2   0   0   1   0   0   0   0   0   0   0
    0   0 271   0   0   0   0   0]
 [  0   5   1   0   0   0   0   0   0   0   0   0   0   0   1   0   0   0
    0   0   1 228   2   0   0   0]
 [  0   0   0   0   0   0   0   1   0   0   0   0   3   0   1   0   0   0
    0   0   0   0 236   0   0   0]
 [  2   1   0   1   1   0   0   0   0   0   6   0   0   0   0   0   0   0
    0   0   0   0   0 249   0   1]
 [  0   0   0   2   0   0   0   1   0   0   0   0   0   0   0   1   0   0
    0   1   1   1   0   1 244   0]
 [  0   0   0   0   0   0   0   0   0   1   0   0   0   0   0   0   4   0
    0   1   0   0   0   0   0 253]]
Elapsed Time: 13.4287 seconds

Dataset: {'train_file': 'data//letter//letter.trn', 'test_file': 'data//letter//letter.tst'}
 k = 7
Accuracy: 0.9402940294029403
Confusion Matrix: 26
[[271   1   0   0   0   0   0   0   0   0   0   0   0   0   0   0   0   1
    0   0   0   0   0   0   1   0]
 [  0 234   0   0   0   0   0   0   0   0   0   0   0   0   0   0   0   3
    1   0   0   2   0   0   0   0]
 [  0   0 217   0   2   0   3   0   0   0   0   0   1   0   1   0   1   0
    0   0   0   0   1   0   0   0]
 [  0   1   0 267   0   0   0   5   0   0   0   0   0   1   0   0   0   2
    1   0   0   0   0   0   0   0]
 [  0   1   6   0 241   1   2   0   0   0   2   0   0   0   0   0   0   0
    0   0   0   0   0   0   0   9]
 [  0   0   0   0   0 249   0   3   1   1   0   0   0   1   0   7   0   0
    0   6   0   1   0   0   0   0]
 [  1   4   1   2   4   1 242   2   0   0   0   0   0   0   2   0   2   0
    0   0   0   1   0   1   0   0]
 [  0   5   0   6   4   0   3 199   0   0   5   1   0   0   0   0   0   5
    0   0   0   0   0   1   0   1]
 [  0   1   0   2   0   8   0   0 245  11   0   0   0   0   0   1   0   0
    0   0   0   0   0   1   0   0]
 [  0   0   0   0   1   0   0   0  12 221   0   0   0   0   1   0   2   0
    0   0   1   0   0   1   0   0]
 [  0   1   0   2   2   0   1  13   0   0 215   0   0   0   0   0   0   5
    0   0   0   0   0   4   0   0]
 [  0   0   1   0   1   0   1   2   0   1   1 261   0   0   0   0   0   2
    0   0   0   0   0   0   0   0]
 [  0   4   0   0   0   0   2   0   0   0   0   0 235   2   0   0   0   0
    0   0   0   1   1   0   0   0]
 [  0   2   0   2   0   0   0   3   0   0   0   1   3 246   6   0   0   6
    0   0   0   3   0   0   0   0]
 [  0   1   0   3   0   0   0   0   0   0   0   0   0   1 230   0   1   0
    0   0   1   0   0   0   0   0]
 [  0   1   0   4   1  17   1   4   0   0   0   0   1   0   0 236   0   1
    0   0   0   0   0   0   0   0]
 [  1   0   0   2   0   0   2   0   0   0   0   0   0   0  10   0 264   0
    0   0   0   0   0   0   1   0]
 [  0   7   1   1   0   2   0   5   0   0   5   0   0   0   0   0   0 248
    0   1   0   1   0   0   0   0]
 [  0   3   0   2   3   0   0   2   0   0   0   1   0   0   1   0   1   3
  244   0   1   0   0   2   0   1]
 [  0   1   0   3   0   3   0   0   0   0   0   0   0   0   0   0   1   0
    0 230   0   0   0   2   3   1]
 [  0   0   0   1   0   0   0   2   0   0   1   0   1   0   0   0   0   0
    0   0 268   1   0   0   0   0]
 [  0   3   0   0   0   1   0   0   0   0   0   0   0   0   1   0   0   0
    0   0   0 232   1   0   0   0]
 [  0   1   0   0   0   0   0   0   0   0   1   0   2   0   1   0   0   0
    0   0   0   0 236   0   0   0]
 [  1   1   0   1   3   0   0   0   0   0   9   1   0   0   0   0   0   0
    0   2   1   0   0 241   0   1]
 [  0   0   0   2   0   0   0   0   0   0   0   0   0   0   0   0   0   0
    0   1   2   0   0   1 246   0]
 [  0   0   0   0   2   0   0   0   0   2   0   0   0   0   0   0   4   0
    1   0   0   0   0   0   0 250]]
Elapsed Time: 18.5220 seconds

Dataset: {'train_file': 'data//faces//faces.trn', 'test_file': 'data//faces//faces.tst'}
 k = 1
Accuracy: 1.0
Confusion Matrix: 20
[[17  0  0  0  0  0  0  0  0  0  0  0  0  0  0  0  0  0  0  0]
 [ 0 10  0  0  0  0  0  0  0  0  0  0  0  0  0  0  0  0  0  0]
 [ 0  0  7  0  0  0  0  0  0  0  0  0  0  0  0  0  0  0  0  0]
 [ 0  0  0  4  0  0  0  0  0  0  0  0  0  0  0  0  0  0  0  0]
 [ 0  0  0  0  6  0  0  0  0  0  0  0  0  0  0  0  0  0  0  0]
 [ 0  0  0  0  0 10  0  0  0  0  0  0  0  0  0  0  0  0  0  0]
 [ 0  0  0  0  0  0  8  0  0  0  0  0  0  0  0  0  0  0  0  0]
 [ 0  0  0  0  0  0  0  4  0  0  0  0  0  0  0  0  0  0  0  0]
 [ 0  0  0  0  0  0  0  0  8  0  0  0  0  0  0  0  0  0  0  0]
 [ 0  0  0  0  0  0  0  0  0 19  0  0  0  0  0  0  0  0  0  0]
 [ 0  0  0  0  0  0  0  0  0  0  9  0  0  0  0  0  0  0  0  0]
 [ 0  0  0  0  0  0  0  0  0  0  0  8  0  0  0  0  0  0  0  0]
 [ 0  0  0  0  0  0  0  0  0  0  0  0 11  0  0  0  0  0  0  0]
 [ 0  0  0  0  0  0  0  0  0  0  0  0  0 12  0  0  0  0  0  0]
 [ 0  0  0  0  0  0  0  0  0  0  0  0  0  0  8  0  0  0  0  0]
 [ 0  0  0  0  0  0  0  0  0  0  0  0  0  0  0  5  0  0  0  0]
 [ 0  0  0  0  0  0  0  0  0  0  0  0  0  0  0  0  8  0  0  0]
 [ 0  0  0  0  0  0  0  0  0  0  0  0  0  0  0  0  0 21  0  0]
 [ 0  0  0  0  0  0  0  0  0  0  0  0  0  0  0  0  0  0  7  0]
 [ 0  0  0  0  0  0  0  0  0  0  0  0  0  0  0  0  0  0  0 10]]
Elapsed Time: 2.3784 seconds

Dataset: {'train_file': 'data//faces//faces.trn', 'test_file': 'data//faces//faces.tst'}
 k = 5
Accuracy: 0.9947916666666666
Confusion Matrix: 20
[[17  0  0  0  0  0  0  0  0  0  0  0  0  0  0  0  0  0  0  0]
 [ 0 10  0  0  0  0  0  0  0  0  0  0  0  0  0  0  0  0  0  0]
 [ 0  0  7  0  0  0  0  0  0  0  0  0  0  0  0  0  0  0  0  0]
 [ 0  0  0  4  0  0  0  0  0  0  0  0  0  0  0  0  0  0  0  0]
 [ 0  0  0  0  6  0  0  0  0  0  0  0  0  0  0  0  0  0  0  0]
 [ 0  0  0  0  0 10  0  0  0  0  0  0  0  0  0  0  0  0  0  0]
 [ 0  0  0  0  0  0  8  0  0  0  0  0  0  0  0  0  0  0  0  0]
 [ 0  0  0  0  0  0  0  4  0  0  0  0  0  0  0  0  0  0  0  0]
 [ 0  0  0  0  0  0  0  0  8  0  0  0  0  0  0  0  0  0  0  0]
 [ 0  0  0  0  0  0  0  0  0 19  0  0  0  0  0  0  0  0  0  0]
 [ 0  0  0  0  0  0  0  0  0  0  9  0  0  0  0  0  0  0  0  0]
 [ 0  0  0  0  0  0  0  0  0  0  0  8  0  0  0  0  0  0  0  0]
 [ 0  0  0  0  0  0  0  0  0  0  0  0 11  0  0  0  0  0  0  0]
 [ 0  0  0  0  0  0  0  0  0  0  0  0  0 12  0  0  0  0  0  0]
 [ 0  0  0  0  0  0  0  0  0  0  0  0  0  0  8  0  0  0  0  0]
 [ 0  0  0  0  0  0  1  0  0  0  0  0  0  0  0  4  0  0  0  0]
 [ 0  0  0  0  0  0  0  0  0  0  0  0  0  0  0  0  8  0  0  0]
 [ 0  0  0  0  0  0  0  0  0  0  0  0  0  0  0  0  0 21  0  0]
 [ 0  0  0  0  0  0  0  0  0  0  0  0  0  0  0  0  0  0  7  0]
 [ 0  0  0  0  0  0  0  0  0  0  0  0  0  0  0  0  0  0  0 10]]
Elapsed Time: 2.4773 seconds

Dataset: {'train_file': 'data//faces//faces.trn', 'test_file': 'data//faces//faces.tst'}
 k = 7
Accuracy: 0.984375
Confusion Matrix: 20
[[17  0  0  0  0  0  0  0  0  0  0  0  0  0  0  0  0  0  0  0]
 [ 0 10  0  0  0  0  0  0  0  0  0  0  0  0  0  0  0  0  0  0]
 [ 0  0  7  0  0  0  0  0  0  0  0  0  0  0  0  0  0  0  0  0]
 [ 0  0  0  4  0  0  0  0  0  0  0  0  0  0  0  0  0  0  0  0]
 [ 0  0  0  0  6  0  0  0  0  0  0  0  0  0  0  0  0  0  0  0]
 [ 0  0  0  0  0 10  0  0  0  0  0  0  0  0  0  0  0  0  0  0]
 [ 0  0  0  0  0  0  8  0  0  0  0  0  0  0  0  0  0  0  0  0]
 [ 0  0  0  0  0  0  0  4  0  0  0  0  0  0  0  0  0  0  0  0]
 [ 0  0  0  0  0  0  0  0  8  0  0  0  0  0  0  0  0  0  0  0]
 [ 0  0  0  0  0  0  0  0  0 19  0  0  0  0  0  0  0  0  0  0]
 [ 1  0  1  0  0  0  0  0  0  0  7  0  0  0  0  0  0  0  0  0]
 [ 0  0  0  0  0  0  0  0  0  0  0  8  0  0  0  0  0  0  0  0]
 [ 0  0  0  0  0  0  0  0  0  0  0  0 11  0  0  0  0  0  0  0]
 [ 0  0  0  0  0  0  0  0  0  0  0  0  0 12  0  0  0  0  0  0]
 [ 0  0  0  0  0  0  0  0  0  0  0  0  0  0  8  0  0  0  0  0]
 [ 0  0  0  0  0  0  1  0  0  0  0  0  0  0  0  4  0  0  0  0]
 [ 0  0  0  0  0  0  0  0  0  0  0  0  0  0  0  0  8  0  0  0]
 [ 0  0  0  0  0  0  0  0  0  0  0  0  0  0  0  0  0 21  0  0]
 [ 0  0  0  0  0  0  0  0  0  0  0  0  0  0  0  0  0  0  7  0]
 [ 0  0  0  0  0  0  0  0  0  0  0  0  0  0  0  0  0  0  0 10]]
Elapsed Time: 2.4550 seconds

Dataset: {'train_file': 'data//fp107//fp107.trn', 'test_file': 'data//fp107//fp107.tst'}
 k = 1
Accuracy: 0.9812734082397003
Confusion Matrix: 105
[[5 0 0 ... 0 0 0]
 [0 3 0 ... 0 0 0]
 [0 0 3 ... 0 0 0]
 ...
 [0 0 0 ... 5 0 0]
 [0 0 0 ... 0 8 0]
 [0 0 0 ... 0 0 7]]
Elapsed Time: 7.6341 seconds

Dataset: {'train_file': 'data//fp107//fp107.trn', 'test_file': 'data//fp107//fp107.tst'}
 k = 5
Accuracy: 0.9794007490636704
Confusion Matrix: 105
[[5 0 0 ... 0 0 0]
 [0 3 0 ... 0 0 0]
 [0 0 3 ... 0 0 0]
 ...
 [0 0 0 ... 5 0 0]
 [0 0 0 ... 0 8 0]
 [0 0 0 ... 0 0 7]]
Elapsed Time: 7.6603 seconds

Dataset: {'train_file': 'data//fp107//fp107.trn', 'test_file': 'data//fp107//fp107.tst'}
 k = 7
Accuracy: 0.9812734082397003
Confusion Matrix: 105
[[5 0 0 ... 0 0 0]
 [0 3 0 ... 0 0 0]
 [0 0 3 ... 0 0 0]
 ...
 [0 0 0 ... 5 0 0]
 [0 0 0 ... 0 9 0]
 [0 0 0 ... 0 0 7]]
Elapsed Time: 7.6783 seconds
